return = {
	["Beakwoods"] = CFrame.new(340.169983, 119.582039, 6.73999023, -0.446198463, 4.46636109e-13, 0.894934058, 1.62114205e-13, 1, -4.18244242e-13, -0.894934058, -4.1538411e-14, -0.446198463),
	["Deadlands"] = CFrame.new(-897.259705, 85.1128845, -1636.21851, -0.972369909, 2.08228794e-08, -0.233445391, 2.23307097e-08, 1, -3.81601195e-09, 0.233445391, -8.92357654e-09, -0.972369909),
	["Mount Beaks"] = CFrame.new(-44.6200218, 246.049011, 441.779968, -0.446198463, 3.21384114e-13, 0.894934058, 1.16646805e-13, 1, -3.00956796e-13, -0.894934058, -2.98952622e-14, -0.446198463),
	["Quill Lake"] = CFrame.new(-206.285187, 125.199944, -398.44754, -0.972369909, -7.85818628e-08, -0.233445361, -7.00228711e-08, 1, -4.49515447e-08, 0.233445361, -2.73630132e-08, -0.972369909)
}
